160
497
516
280
349
314
50
302
189
158
136
409
977
51
792
313
135
688
148
269
210
199
637
482
876
223
422
60
574
597
799
226
95
701
514
451
714
398
734
396
870
227
172
364
241
827
419
479
664
769
429
87
586
669
542
336
238
830
45
556
330
746
744
263
890
868
23
904
905
569
915
917
655
635
367
797
78
598
249
583
261
246
196
231
53
616
346
860
941
812
425
853
720
420
993
753
724
43
325
778
561
54
361
264
622
143
424
229
555
922
62
986
65
703
570
303
235
513
947
864
30
486
817
956
607
620
236
254
602
535
791
256
552
232
660
478
856
390
838
327
306
675
978
66
975
244
631
751
508
80
354
25
169
312
107
473
673
156
840
951
352
533
691
282
69
773
839
266
999
331
64
7
475
427
506
301
431
294
288
545
252
251
268
968
71
37
576
671
383
247
531
59
800
284
642
165
332
31
538
808
949
39
745
220
543
374
846
89
837
96
568
481
997
550
828
630
366
743
102
889
659
371
560
754
407
758
18
798
248
946
747
733
134
168
112
540
834
401
566
945
541
887
55
273
509
410
762
19
124
504
787
718
278
955
483
317
593
815
126
502
695
931
35
49
617
914
866
963
804
919
872
511
794
693
647
421
985
806
781
32
14
841
685
891
353
771
537
867
211
765
387
903
627
44
191
116
855
958
759
142
783
573
609
48
221
831
995
591
381
713
649
128
271
385
615
436
309
262
176
462
640
289
103
715
163
33
299
952
736
532
790
651
344
582
965
626
449
729
763
56
959
70
186
234
179
207
658
515
780
699
24
510
447
219
295
619
886
487
242
28
41
435
99
58
206
141
345
785
195
901
668
935
417
925
459
175
384
418
214
766
684
767
386
21
110
414
217
563
75
559
716
547
293
652
480
604
198
811
801
835
6
881
239
731
721
863
42
896
683
454
183
281
934
274
260
678
520
805
411
823
579
26
648
370
757
430
11
776
202
469
1000
322
888
120
348
726
73
501
694
350
775
298
629
907
638
519
814
496
892
661
16
606
397
953
705
372
707
444
527
735
991
157
209
222
966
311
608
782
140
108
408
554
187
900
644
373
228
871
392
188
471
13
825
161
400
197
296
190
270
406
740
793
518
760
389
592
185
818
477
546
167
375
47
376
822
379
357
625
464
536
679
657
702
869
440
654
893
334
857
984
749
950
677
133
149
634
405
987
122
802
146
88
529
913
676
632
611
873
979
650
656
86
976
796
859
908
700
363
755
894
308
706
784
704
539
286
275
318
74
926
467
106
9
291
83
861
564
612
463
339
215
92
779
858
432
445
402
283
741
297
911
153
166
255
491
15
845
810
639
932
641
1
809
109
594
225
61
970
4
961
938
613
572
170
152
378
492
829
920
155
954
415
577
441
131
850
777
973
101
237
974
121
458
596
500
551
208
127
590
880
194
557
581
722
756
909
399
329
307
921
465
674
154
643
623
443
230
104
22
761
272
380
67
544
967
82
653
933
233
355
698
328
279
819
972
948
621
980
76
633
137
826
662
423
68
403
752
624
912
852
578
727
300
600
151
666
267
505
851
394
601
100
895
610
315
585
456
711
393
493
742
628
498
77
439
265
882
258
523
488
884
213
79
971
681
517
290
98
525
820
310
368
832
589
343
923
218
359
94
992
990
692
697
879
906
377
395
243
930
365
719
910
341
316
924
369
433
34
426
97
360
489
916
960
646
927
245
807
174
562
964
434
428
750
362
253
710
663
388
824
257
687
885
788
105
3
476
347
159
139
803
883
957
204
732
708
320
125
565
145
936
588
528
902
111
603
466
468
147
173
878
849
816
928
474
305
526
939
319
457
240
91
452
969
150
842
728
446
453
276
709
988
438
690
764
333
645
340
730
786
200
981
72
865
123
287
524
335
770
584
844
670
899
342
862
485
795
285
672
575
29
164
212
114
324
52
512
413
171
614
605
768
460
337
162
455
738
940
748
522
38
549
17
351
548
36
739
847
567
20
843
85
119
897
962
994
595
686
821
178
918
292
472
680
461
989
667
618
205
772
503
115
132
571
90
2
12
250
717
113
521
404
696
833
177
8
84
192
416
470
391
877
854
10
943
898
358
181
338
277
789
996
737
144
326
57
587
836
723
558
224
689
499
983
93
580
942
63
813
534
437
193
118
442
725
875
382
138
665
203
184
130
929
27
484
494
636
848
774
304
530
180
259
937
321
81
682
40
553
450
323
117
944
599
448
412
490
182
46
129
356
201
495
712
216
982
5
998
507
874