1237
1025
1212
1103
1340
1163
1019
1108
1417
1210
1087
1000
1411
1458
1078
1037
1492
1144
1266
1296
1350
1483
1067
1049
1138
1038
1233
1188
1112
1263
1277
1014
1007
1098
1133
1120
1318
1274
1161
1272
1373
1153
1305
1287
1036
1377
1436
1040
1093
1487
1173
1230
1200
1422
1334
1057
1316
1351
1018
1413
1465
1080
1031
1304
1232
1328
1072
1357
1084
1180
1408
1110
1425
1203
1228
1016
1081
1150
1052
1297
1366
1298
1191
1253
1348
1222
1356
1129
1117
1475
1219
1278
1369
1268
1337
1271
1493
1345
1451
1024
1375
1481
1426
1291
1393
1221
1307
1314
1327
1403
1159
1423
1015
1410
1169
1262
1042
1005
1011
1456
1446
1311
1172
1146
1361
1028
1389
1289
1130
1002
1211
1449
1379
1256
1335
1145
1149
1290
1333
1058
1457
1104
1341
1365
1202
1427
1185
1178
1315
1254
1097
1187
1255
1385
1249
1467
1495
1196
1122
1102
1061
1364
1438
1116
1397
1259
1217
1269
1482
1443
1292
1076
1197
1205
1166
1156
1119
1020
1309
1286
1342
1406
1157
1499
1134
1029
1401
1193
1141
1039
1371
1498
1288
1158
1352
1343
1139
1470
1091
1050
1242
1261
1010
1484
1246
1380
1355
1468
1243
1115
1264
1111
1155
1267
1143
1360
1257
1223
1301
1485
1477
1346
1106
1299
1295
1046
1462
1419
1168
1226
1177
1367
1244
1444
1454
1234
1128
1404
1125
1331
1194
1265
1216
1359
1354
1068
1384
1055
1100
1338
1445
1053
1207
1325
1435
1051
1300
1407
1165
1229
1395
1227
1044
1013
1162
1353
1074
1184
1326
1004
1386
1324
1035
1455
1439
1374
1236
1415
1075
1201
1473
1322
1027
1459
1101
1107
1089
1198
1448
1008
1464
1433
1092
1179
1392
1174
1171
1323
1123
1469
1391
1452
1090
1224
1209
1041
1152
1083
1033
1329
1231
1474
1140
1208
1225
1215
1085
1405
1214
1313
1175
1241
1192
1132
1488
1275
1131
1480
1003
1082
1421
1432
1183
1136
1344
1293
1113
1066
1418
1476
1048
1396
1428
1302
1006
1021
1114
1381
1088
1094
1450
1030
1054
1258
1363
1430
1095
1017
1463
1063
1399
1043
1064
1218
1077
1195
1321
1362
1332
1026
1330
1071
1388
1073
1022
1310
1151
1472
1461
1442
1034
1496
1294
1434
1284
1370
1065
1189
1486
1273
1306
1012
1400
1245
1247
1431
1390
1282
1199
1429
1186
1060
1126
1412
1490
1460
1279
1142
1250
1059
1378
1079
1235
1312
1440
1466
1479
1382
1500
1308
1147
1285
1252
1047
1489
1372
1148
1320
1118
1251
1349
1402
1121
1398
1045
1001
1283
1447
1181
1135
1124
1347
1276
1368
1069
1414
1182
1170
1441
1303
1478
1240
1491
1416
1358
1154
1204
1238
1239
1424
1109
1471
1339
1383
1270
1099
1062
1137
1023
1394
1167
1127
1190
1206
1096
1437
1009
1105
1260
1281
1376
1336
1494
1220
1409
1056
1319
1176
1420
1070
1453
1248
1317
1497
1086
1280
1213
1387
1160
1164
1032