501
251
126
63
32
16
8
4
2
1
3
6
5
7
12
10
9
11
14
13
15
24
20
18
17
19
22
21
23
28
26
25
27
30
29
31
48
40
36
34
33
35
38
37
39
44
42
41
43
46
45
47
56
52
50
49
51
54
53
55
60
58
57
59
62
61
95
79
71
67
65
64
66
69
68
70
75
73
72
74
77
76
78
87
83
81
80
82
85
84
86
91
89
88
90
93
92
94
111
103
99
97
96
98
101
100
102
107
105
104
106
109
108
110
119
115
113
112
114
117
116
118
123
121
120
122
125
124
189
158
142
134
130
128
127
129
132
131
133
138
136
135
137
140
139
141
150
146
144
143
145
148
147
149
154
152
151
153
156
155
157
174
166
162
160
159
161
164
163
165
170
168
167
169
172
171
173
182
178
176
175
177
180
179
181
186
184
183
185
188
187
220
205
197
193
191
190
192
195
194
196
201
199
198
200
203
202
204
213
209
207
206
208
211
210
212
217
215
214
216
219
218
236
228
224
222
221
223
226
225
227
232
230
229
231
234
233
235
244
240
238
237
239
242
241
243
248
246
245
247
250
249
376
314
283
267
259
255
253
252
254
257
256
258
263
261
260
262
265
264
266
275
271
269
268
270
273
272
274
279
277
276
278
281
280
282
299
291
287
285
284
286
289
288
290
295
293
292
294
297
296
298
307
303
301
300
302
305
304
306
311
309
308
310
313
312
345
330
322
318
316
315
317
320
319
321
326
324
323
325
328
327
329
338
334
332
331
333
336
335
337
342
340
339
341
344
343
361
353
349
347
346
348
351
350
352
357
355
354
356
359
358
360
369
365
363
362
364
367
366
368
373
371
370
372
375
374
439
408
392
384
380
378
377
379
382
381
383
388
386
385
387
390
389
391
400
396
394
393
395
398
397
399
404
402
401
403
406
405
407
424
416
412
410
409
411
414
413
415
420
418
417
419
422
421
423
432
428
426
425
427
430
429
431
436
434
433
435
438
437
470
455
447
443
441
440
442
445
444
446
451
449
448
450
453
452
454
463
459
457
456
458
461
460
462
467
465
464
466
469
468
486
478
474
472
471
473
476
475
477
482
480
479
481
484
483
485
494
490
488
487
489
492
491
493
498
496
495
497
500
499
751
626
564
533
517
509
505
503
502
504
507
506
508
513
511
510
512
515
514
516
525
521
519
518
520
523
522
524
529
527
526
528
531
530
532
549
541
537
535
534
536
539
538
540
545
543
542
544
547
546
548
557
553
551
550
552
555
554
556
561
559
558
560
563
562
595
580
572
568
566
565
567
570
569
571
576
574
573
575
578
577
579
588
584
582
581
583
586
585
587
592
590
589
591
594
593
611
603
599
597
596
598
601
600
602
607
605
604
606
609
608
610
619
615
613
612
614
617
616
618
623
621
620
622
625
624
689
658
642
634
630
628
627
629
632
631
633
638
636
635
637
640
639
641
650
646
644
643
645
648
647
649
654
652
651
653
656
655
657
674
666
662
660
659
661
664
663
665
670
668
667
669
672
671
673
682
678
676
675
677
680
679
681
686
684
683
685
688
687
720
705
697
693
691
690
692
695
694
696
701
699
698
700
703
702
704
713
709
707
706
708
711
710
712
717
715
714
716
719
718
736
728
724
722
721
723
726
725
727
732
730
729
731
734
733
735
744
740
738
737
739
742
741
743
748
746
745
747
750
749
876
814
783
767
759
755
753
752
754
757
756
758
763
761
760
762
765
764
766
775
771
769
768
770
773
772
774
779
777
776
778
781
780
782
799
791
787
785
784
786
789
788
790
795
793
792
794
797
796
798
807
803
801
800
802
805
804
806
811
809
808
810
813
812
845
830
822
818
816
815
817
820
819
821
826
824
823
825
828
827
829
838
834
832
831
833
836
835
837
842
840
839
841
844
843
861
853
849
847
846
848
851
850
852
857
855
854
856
859
858
860
869
865
863
862
864
867
866
868
873
871
870
872
875
874
939
908
892
884
880
878
877
879
882
881
883
888
886
885
887
890
889
891
900
896
894
893
895
898
897
899
904
902
901
903
906
905
907
924
916
912
910
909
911
914
913
915
920
918
917
919
922
921
923
932
928
926
925
927
930
929
931
936
934
933
935
938
937
970
955
947
943
941
940
942
945
944
946
951
949
948
950
953
952
954
963
959
957
956
958
961
960
962
967
965
964
966
969
968
986
978
974
972
971
973
976
975
977
982
980
979
981
984
983
985
994
990
988
987
989
992
991
993
998
996
995
997
1000
999